,event_observed,survival_times
0,1.0,0.2899636208003424
1,1.0,0.3588701048576931
2,0.0,0.4474641557885726
3,1.0,0.0781082816178044
4,0.0,0.5784292745559597
5,1.0,0.10485769313075112
6,1.0,0.12390327412796918
7,0.0,0.2893216349240317
8,1.0,0.19730365931949498
9,1.0,0.11791140594906913
10,1.0,0.374491761181254
11,0.0,0.650117697410657
12,1.0,0.45046008987802266
13,0.0,0.43120051358870104
14,1.0,0.11577145302803338
15,0.0,0.49882302589343036
16,1.0,0.10485769313075112
17,0.0,0.32035095227904986
18,0.0,0.43997432056494756
19,1.0,0.12026535416220843
20,0.0,0.25551037877166705
21,0.0,0.0992938155360582
22,0.0,0.2360368071902418
23,0.0,0.7892146372779799
24,0.0,0.08196019687566873
25,0.0,0.19409372993794136
26,0.0,0.4329124759255296
27,0.0,0.47121763321206933
28,0.0,0.20329552749839502
29,1.0,0.1181254012411727
30,0.0,0.1759041301091376
31,0.0,0.22020115557457737
32,0.0,0.703830515728654
33,1.0,0.21271132035095228
34,0.0,0.741493687138883
35,0.0,0.23154290605606676
36,1.0,0.10656965546757971
37,0.0,0.3194949711106356
38,0.0,0.16028247378557672
39,1.0,0.07361438048362937
40,0.0,0.30258934303445323
41,0.0,0.6195163706398459
42,0.0,1.0
43,0.0,0.8298737427776589
44,0.0,0.44425422640701906
45,0.0,0.29188957842927454
46,1.0,0.08367215921249732
47,1.0,0.026749411512946714
48,0.0,0.9903702118553391
49,0.0,0.2069334474641558
50,0.0,0.2818317997004066
51,0.0,0.184249946501177
52,0.0,0.18938583351166274
53,0.0,0.1863898994222127
54,0.0,0.1538626150224695
55,1.0,0.25765033169270274
56,1.0,0.03402525144446822
57,1.0,0.25615236464797775
58,1.0,0.1416648833725658
59,0.0,0.34003851915257866
60,1.0,0.5103787716670233
61,1.0,0.23646479777444895
62,0.0,0.586347100363792
63,1.0,0.34517440616306444
64,0.0,0.39760325272844
65,0.0,0.5011769741065697
66,1.0,0.5146586775090948
67,0.0,0.3973892574363364
68,0.0,0.18253798416434838
69,0.0,0.2345388401455168
70,0.0,0.11748341536486197
71,0.0,0.25058848705328485
72,0.0,0.16178044083030174
73,0.0,0.1318210999358014
74,0.0,0.25700834581639204
75,0.0,0.27669591268992083
76,1.0,0.1570725444040231
77,1.0,0.07789428632570083
78,0.0,0.6175904130109138
79,1.0,0.6811470147656752
80,0.0,0.7091803980312433
81,1.0,0.05435480419430772
82,0.0,0.105927669591269
83,1.0,0.2925315643055853
84,0.0,0.10956558955702975
85,1.0,0.1091375989728226
86,1.0,0.11170554247806548
87,1.0,0.22769099079820243
88,0.0,0.17975604536700193
89,0.0,0.32570083458163923
90,1.0,0.004065910549967901
91,1.0,0.27177402097153863
92,1.0,0.3329766745131607
93,0.0,0.4331264712176332
94,0.0,0.09843783436764392
95,1.0,0.06655253584421143
96,0.0,0.31114915471859617
97,0.0,0.22020115557457737
98,1.0,0.016263642199871604
99,1.0,0.11341750481489407
100,0.0,0.26086026107425636
101,1.0,0.04772095013909694
102,1.0,0.01733361866038947
103,1.0,0.043869034881232616
104,1.0,0.04279905842071474
105,1.0,0.08559811684142948
106,1.0,0.12390327412796918
107,1.0,0.17012625722234112
108,1.0,0.07917825807832228
109,1.0,0.11641343890434411
110,1.0,0.1268992082174192
111,1.0,0.03295527498395035
112,1.0,0.0969398673229189
113,1.0,0.09736785790712604
114,1.0,0.03295527498395035
115,1.0,0.05435480419430772
116,1.0,0.053712818317997006
117,0.0,0.11170554247806548
118,1.0,0.10528568371495826
119,1.0,0.13331906698052642
120,1.0,0.03038733147870747
121,0.0,0.16884228546971966
122,1.0,0.06484057350738284
123,0.0,0.18681789000641985
124,0.0,0.23710678365075968
125,0.0,0.1848919323774877
126,1.0,0.058420714744275626
127,0.0,0.01262572223411085
128,0.0,0.1497967044725016
129,0.0,0.08324416862829018
130,0.0,0.08174620158356516
131,0.0,0.09094799914401883
132,0.0,0.08196019687566873
133,0.0,0.07896426278621871
134,0.0,0.08517012625722234
135,0.0,0.07917825807832228
136,0.0,0.07126043227049005
137,1.0,0.08238818745987589
138,0.0,0.08110421570725444
139,0.0,0.07875026749411512
140,0.0,0.0821741921677723
141,0.0,0.079820243954633
142,0.0,0.08538412154932591
143,0.0,0.0781082816178044
144,0.0,0.07875026749411512
145,0.0,0.07382837577573294
146,0.0,0.07382837577573294
147,0.0,0.07725230044939012
148,0.0,0.0
149,1.0,0.12090734003851915
150,0.0,0.08517012625722234
151,1.0,0.08410014979670448
152,1.0,0.031885298523432484
153,1.0,0.09843783436764392
154,0.0,0.12026535416220843
155,0.0,0.03381125615236465
156,0.0,0.1938797346458378
157,1.0,0.011983736357800128
158,1.0,0.08838005563877595
159,1.0,0.14230686924887653
160,1.0,0.013909693986732292
161,0.0,0.4322704900492189
162,0.0,0.11983736357800129
163,0.0,0.12368927883586561
164,1.0,0.10870960838861544
165,0.0,0.851915257864327
166,0.0,0.7318638989942221
167,0.0,0.10507168842285469
168,0.0,0.11470147656751552
169,0.0,0.10164776374919751
170,1.0,0.3038733147870747
171,0.0,0.11684142948855125
172,1.0,0.05071688422854697
173,0.0,0.9293815536058206
174,0.0,0.5683714958270918
175,1.0,0.031243312647121765
176,0.0,0.843355446180184
